Current smoker 872 (34.6) 537 (30.5) 909 (38.2) 612 (29.2) 493 (19.3) 489 (19.3) 600 (35.3) 4512 (29.1)
Asthma 164 (6.5) 106 (5.9) 148 (6.2) 157 (7.3) 238 (9.1) 191 (7.5) 34 (2.0) 1038 (6.6)
Allergic rhinitis 559 (22.2) 370 (21.1) 557 (23.8) 550 (25.7) 598 (23.1) 626 (24.9) 347 (20.4) 3607 (23.2)
Hypertension 147 (5.9) 154 (8.7) 135 (5.7) 123 (5.8) 220 (8.5) 135 (5.4) 207 (12.4) 1121 (7.2)
Heart disease 19 (0.8) 38 (2.1) 32 (1.3) 21 (1.0) 39 (1.5) 19 (0.8) 206 (12.4) 374 (2.4)
Diabetes 6 (1.7) 16 (0.9) 41 (1.7) 41 (1.9) 53 (2.0) 42 (1.7) 25 (1.5) 224 (1.7)
Childhood hospitalisation 76 (2.9) 39 (2.2) 118 (5.0) 69 (3.2) 81 (3.1) 93 (3.7) 164 (9.8) 640 (4.1)
Childhood frequent otitis 396 (15.5) 216 (12.5) 535 (23.4) 497 (23.5) 582 (22.7) 571 (22.8) 370 (22.0) 3167 (20.5)
Number of siblings
1 238 (12.2) 120 (8.4) 210 (12.0) 100 (6.7) 470 (26.9) 201 (11.3) 250 (22.6) 1589 (14.1)
2 29 (1.5) 17 (1.2) 130 (7.4) 15 (1.0) 30 (1.7) 26 (1.5) 6 (0.5) 253 (2.2)