TABLE 1 Characteristics of the study population according to study centres
Aarhus Reykjavik Bergen Gothenburg Umeå Uppsala Tartu All
Total n 2602 1817 2396 2163 2616 2547 1701 15 842
Female 1357 (52.2) 980 (53.9) 1243 (51.9) 1177 (54.4) 1347 (51.5) 1337 (52.5) 965 (56.2) 8397 (53.0)
Age years
<35 815 (31.3) 406 (22.3) 560 (23.4) 588 (27.2) 693 (26.5) 679 (26.7) 827 (48.6) 4568 (28.8)
35–44 1085 (41.7) 765 (42.1) 1063 (44.4) 855 (39.5) 990 (37.8) 972 (38.2) 626 (36.8) 6356 (40.1)
⩾45 702 (27.0) 646 (35.6) 773 (32.3) 720 (33.3) 933 (35.7) 896 (35.7) 248 (14.6) 4918 (31.0)
Socioeconomic index
1 394 (19.3) 287 (16.5) 619 (25.8) 100 (7.7) 331 (13.4) 506 (19.9) 399 (26.6) 2636 (18.8)
2 771 (37.8)117 ( 714 (41.1) 907 (37.9) 483 (37.0) 1035 (41.9) 1113 (43.8) 546 (36.4) 5569 (39.8)
3 170 (8.3) 320 (18.4) 297 (12.4) 125 (9.6) 373 (15.1) 314 (12.4) 283 (18.9) 1882 (13.4)
4 264 (12.9) 337 (19.4) 344 (14.4) 352 (26.9) 727 (29.4) 403 (15.9) 268 (17.9) 2695 (19.3)