3 170 (8.3) 320 (18.4) 297 (12.4) 125 (9.6) 373 (15.1) 314 (12.4) 283 (18.9) 1882 (13.4)
4 264 (12.9) 337 (19.4) 344 (14.4) 352 (26.9) 727 (29.4) 403 (15.9) 268 (17.9) 2695 (19.3)
5 443 (21.7) 78 (4.5) 229 (9.6) 247 (18.9) 7 (0.3) 205 (8.1) 3 (0.2) 1212 (8.7)
Body mass index kg·m−2
<20 268 (10.6) 100 (5.7) 184 (7.8) 125 (5.8) 127 (4.9) 165 (6.5) 226 (13.4) 1195 (7.7)
20–25 1359 (54.0) 829 (46.9) 1192 (50.8) 1074 (50.1) 1272 (49.5) 1379 (54.7) 846 (50.3) 7951 (51.1)
25–30 688 (27.3) 637 (36.0) 783 (33.4) 739 (34.5) 946 (36.8) 807 (32.0) 459 (27.3) 5059 (32.5)
>30 202 (8.0) 202 (11.4) 188 (8.0) 207 (9.7) 226 (8.8) 170 (6.7) 151 (9.0) 1346 (8.7)
Smoker
Never-smoker 1045 (41.5) 663 (37.6) 891 (37.5) 941 (44.9) 1396 (54.6) 1356 (54.6) 809 (47.6) 7101 (45.8)
Ex-smoker 600 (23.8) 563 (31.9) 579 (24.3) 541 (25.8) 668 (26.1) 651 (26.1) 291 (17.1) 3893 (25.1)
Current smoker 872 (34.6) 537 (30.5) 909 (38.2) 612 (29.2) 493 (19.3) 489 (19.3) 600 (35.3) 4512 (29.1)